710994386
992262557
979091627
928436891
976526329
1044721234
1039976534
1045215568
1252131832
1218201725
1200276655
304601573
303914691
381203763
486204919
510431146
566198425
617542615
838759384
800035605
833556194
832634270
821231748
742791096
860202032
1314915157
1528527784
1555517407
1539390544
1568923283
1518725770
1529940655
1596555791
1592429421
1582322800
1614835019
1579052513
1580146524
1926360890
1958162805
1988938117
1943978706
1948222822
2039700437
1987419338
2723358301
2598065788
2455073389
2386677863
2192202132
2379280231
2377650417
2365984005
2350959882
2381017234
2362692932
2038943645
2015392573
1975828560
2009023809
2022051667
1990262801
1955416209
1930804689
1997919552
1944301705
1966884443
1924330288
1971434267
2164587519
2026520554
1948250688
1934995473
623384694
559808710
551229319
547442655
540205923
622848865
600347185
619035243
574189053
558411087
595544548
570932999
575223045
594397655
570097747
557198456
628680107
636965949
1559851864
1374474929
1358221740
1453996876
1458362882
1137436406
1036854910
1030268797
1168161623
681857812
1226430479
1218950988
1251313047
1072413286
1105197533
1146464879
1174566797
1210336828
1095745945
1122887224
1184240820
1153140228
1144557877
657486960
633696198
907335435
953629559
712852707
700898089
647311639
690910497
1641065993
512483258
1627454271
1607648580
1088984263
1646724155
1672752391
1607793547
1593607106
1704431901
1829803562
1659256897
1706158876
1656998949
1609752837
1590184641
1637950991
1598056408
860977754
714643723
757704115
716157866
726886781
1122857453
1079289795
958520332
709770726
698369865
713578516
645063997
692266539
685939921
1151393334
1606949678
1656879177
1607486829
1568067931
1584326949
1594917610
1122524838
1630516775
1510398285
1605853507
1620533580
1583435579
1462632525
428772252
1448190159
494592429
1512041996
707342377
692371087
693996413
662650851
902002812
880161219
690640001
677072976
857424119
815418548
667440652
686393395
697257679
698931450
711415885
707831747
684906829
705549845
676653780
817706793
708551036
720715579
681324516
681091781
737439635
684893876
682808599
684774965
691367143
710693780
546598415
546923098
530156061
679673326
671254482
660708896
664218045
520290733
545463906
566783107
546093333
582867205
543293120
560226250
371698591
387067757
453154177
399467601
378279343
367437143
632796815
360096483
370047757
609135624
635499573
794476971
602830424
355853266
374956978
564727868
586517106
587782000
618010996
567129154
579259858
604248248
556497615
632105734
581800714
580180922
544041191
570935825
363759952
565657735
556833339
401528092
354815964
415852874
365815714
367800110
359726893
342386830
427665921
354760530
370137939
365357038
366388452
374332755
376065404
370304213
354408419
361331953
382761090
373359043
362948583
345698131
357866683
356082137
381109266
587293838
573213576
581247696
574511663
604016518
584704639
590106228
358731623
353751453
585489257
1703144525
1519817416
1507928270
1510881386
3309869876
3366260780
3357512022
3388500904
3410618101
3399497701
3435530384
1597813836
784456512
1260792261
1408532738
1766949017
1222024826
1360009498
1479712019
1307311376
1589236161
1674321182
1644224461
1632130172
1635262746
1594074205
1649869634
1660047081
1612747921
2730258440
1739337620
1749316680
1632026213
1614291524
1626230670
1630605547
1605365113
5883085382
1803013482
1648534431
3352818582
3698576886
3769378987
2831251427
2874910342
3216651647
3158692614
2726754444
3203807420
2626639553
1340294397
1325026843
1344847730
1659246439
1611413470
1961260603
1852442457
1607851258
1912460789
2114648786
2114840648
2093745733
2694292215
2697876030
2722955535
2473606502
2204304888
1588006222
1565508632
1586255363
1587807089
1592930810
1601510766
1090521967
1575979658
1591229920
1575395186
1627179771
1575571631
1587180017
1188614857
1605918359
1645018617
1851221250
1851774499
1787511466
1826131894
1825268301
1648947264
1565611729
1816571704
1845454630
1869882441
1846270401
1818112035
1833111214
1794146564
1771760255
1792899010
1853752535
1802649824
1785741220
1858648719
1829224735
1687172952
1703774486
1629097834
1832843561
1847664608
1953984954
1678767547
1814411552
1643241192
1822728906
1778319466
1802705091
1835300634
1999609202
1768627393
986841281
865805077
873405249
867377226
4658031937
867465808
882924366
871699740
863829113
902713846
858362282
871624936
858269143
876956250
870350287
872405922
852429704
812827371
827044681
834863048
878352673
845577907
815393415
807970372
867093818
818729269
831091499
874775191
847198299
850572486
856073552
841362387
770831901
808251030
706866996
702572443
699315734
702333223
694690740
693946955
697342245
604698206
697864677
548181010
731469103
719666585
742091957
703799699
721369079
719295990
739332401
707951648
765141807
728523626
773795143
733268202
917488289
925816006
741992291
763599975
720139494
739258672
769023430
714764944
715136145
697455685
846093167
695131631
683327272
646557791
654480491
843710512
700446901
690543745
680875114
631342552
684652660
642704891
639176068
640786107
662848429
637634140
658875721
666405193
669770079
701821106
637569906
634404814
661216853
626281669
646021095
663619702
644673628
694006904
759721894
732217472
775511282
658743101
690285854
653356080
650309917
663953012
679221098
660198883
737786921
725570642
748343362
750998762
725890320
722233941
752307084
771426150
666020222
666069457
677548643
715160545
664478500
682916434
660240715
655596875
670356761
708023302
682955023
675926007
694455146
681275709
701370131
679878249
803644276
680541745
761978509
807301635
797582370
802250515
748229376
676090036
824932413
685450283
822062775
806734156
810913327
817728867
826719716
747072760
829257453
700975183
773352185
709850452
673684517
829472201
819178179
776838335
834192967
702173195
715745797
738843271
521495798
454803376
517146434
340321068
351747216
342250822
365299712
470021915
480215852
487313809
519582057
475469486
461673482
470496343
468270873
476180107
460322258
697003500
849733739
4901195311
1400567884
724249802
721201582
781289011
1052394203
968338135
1315648375
1327175954
1301698459
1321122788
1890631706
1866728126
1186664026
1116972207
1428905785
1396995978
1345448284
1192665591
1688363319
3208959000
3171754103
3128830741
3287243294
3349362873
1604859878
1115614100
1128473328
1119652740
1139599159
1110311776
1139677192
1105181695
1250403925
1242322043
1666381823
1644086546
1652941997
1610665959
1126180765
1168151559
1158332341
1132625133
1180326165
1108233904
1152748115
1123878208
1356922334
1343240408
1568496850
1636040870
1555975784
1776906097
1394004238
1384006090
1411886246
1752237194
1730822510
1072499736
1690412715
1691893833
34549503660
33327574481
6355702694
5915243344
2496304057
7401881725
7425877612
8009642967
7368301938
7919638797
8715003537
8647507278
3904491970
25730814199
31553165122
937823871
894404445
943063279
932327498
976784751
969018934
965343817
930007209
1093309987
956554554
1402593556
917735034
1373640298
1419053300
951677323
929963617
1419452393
1024775656
986253483
977010866
957114488
1190389778
1114049971
989620669
3145688934
2664494993
2802690775
2065439430
1918515005
1822249761
1878774566
1846222190
1817686673
1922727427
1851563477
9532561737
3191434754
892298327
750759244
694197296
700375876
799456884
664531394
619798060
681298584
663775224
657391358
833139543
54524887631
55949725218
51009136046
1886625606
1614610308
2808878509
2935947667
2760808422
7871544101
7705819265
6879937709
6870341449
6832668199
6832925746
8239296503
6842905067
2581473208
9802970686
8789043577
775651451
684245806
1163792478
3878032241
2691850586
835872596
787005989
918210048
9020081444
4248396802
1370244315
1319609291
4472970826
3176450550
1453339517
1681562489
3430532923
2482483742
578555516
1556878481
1881487561
931531340
1182008805
1105027013
1121059702
1133059022
1055119889
653637639
320732838
300198627
258559862
242683842
270144923
599057284
232756613
240423259
359950701
277173693
759648512
660752195
675226238
10340613560
9770381044
2359690418
9714293713
48477095863
5932459508
561569095
53326882331
51013491072
51815716181
45129478882
51756444517
50875147587
57739433983
51646410506
40300778774
1936958324
38541886747
64501346537
49746151822
54637738519
469552605
462394056
442768538
451947121
480573576
477750038
692134327
712528578
163868580124
190597032322
55309607269
61518327846
56688973868
64796669981
62104458830
48793799374
49144867175
56694846153
53360917716
427965121
406934526
410298725
437408920
452209679
468748414
443395337
427919246
439821165
441348685
429187901
429294163
441648556
433241967
434540952
402957909
414252571
406831540
410708576
422654503
402347323
398292755
445623470
418888018
412301693
443329130
420726954
395563264
436838076
395347357
400857814
414858881
440841412
373454055
393809872
393633717
386509297
397704148
414911691
403314853
430712629
409756408
412830383
399511192
435616349
383665801
429523807
609347432
611801087
624920563
621857574
626288189
627905622
622754034
971894143
900587338
422138572
394971131
458809101
505070878
480266902
493969416
473496668
437706745
1475458931
301800467
347517100
367113592
399219357
412452062
993040250
566573753
897173869
990841590
552585806
584759528
600043057
578666919
609707573
496815664
480247294
537701080
437862929
559898795
415290813
418352332
484261438
513374336
567354915
664140393
6607254039
760125703
807725739
618154867
730930826
1162884472
724846128570
836703377197
1220727562
782126415
899340154
926516508
712021132
799511069
529459268
520130066
682432555
498716792
6265074866
7501116248
6305310535
7040820562
7881034306
10555965616
6934393993
644326322
917838920
594320559
1513883072
1471522402
848064359
806985469
1558598779
894392765
950991026
997054546
1053266619
1067680524
1070930212
951471321
584307819
538177954
638860905
584746334
599741031
445293771
640229390
634935433
919010492
937688402
1635664950
1555566176
1657722947
722979348
933434974
1879881074
1167752375
1520836072
1647901769
1528147982
1599095166
1568855911
1682521835
1584556610
1869734366
1725043758
1789196560
1843895388
579429455
536192736
528841266
689371747
524426095
684199946
566112896
2049725555
451921824
744903107
1201318122
1139864291
674540036
869824787
1020514989
611869121
547417040
791285225
860767506
842748797
865019984
825538388
520337108
862316099
689014794
985968452
1009988577
2363325211
2406750423
1970065769
559894104
831986346
1547931034
1493215411
1528966284
2141726358
1525787043
1523306580
866539933
981913013
950585697
975980732
1710526786
1458455159
1426675023
569432753
1891149704
651371638
689135028
1167675128
1713046239
721826559
659561844
850313562
800854392
6511140959490
6929841536
5545943218
5910394294
7124062138
2525858376
1552174333
1359298165
1537207828
1022648564
211608418358
54085688814
12593516606
42269468305
16027656266
12571467635
15862347265
18730423812
20925383669
3729812638
624816873
566479791
543463195
576732399
1144554387
1772792084
1369666605
451729645
520831901
527476742
516048359
499473631
502965952
833667951
418442092
529191764
538953388
547725577
627733765
695987558
79921260602
1541330681
1460647246
1171817821
1139375024
1754432348
1307021481
987939812938
1032830126
1166319764
1338453384
1410159391
1284058970
1110919008
1065782993
1020131356
511630208
579196015
2509206399
602670440
647977875
624171304
559746843
2362490338
1544420373
3733356823
3808628830
3306608211
2865743565
1407405761
910053233
735347432
985731981
3524629597
1211253798
1804771249
1198838814
5699593396
4001527387
4289926525
4537120661
118515909600
719996351
922712868
4021298468
4415705427
17411753421
1495665350
594065692
782142066
954050500
1605591643
1182500320
1943067559
1832806446
710799000
1462044168
1356480435
1403751587
1426441993
1722954921
629686780
534944180
588091193
613956084
554246732
1124211208
1080158941
1117012352
1151431051
1132040424
1127971990
1126588893
1156654515
1115475731
1097185304
1094949165
1130427543
1102027693
1318860004
1338766794
1314267129
1304939472
1691712298
1728284033
1326699757
1262888422
6099786397
6077428018
5874607761
7160338145
5934986748
5910344762
5876700172
884447062
876869491
1242885770
1214776773
1237759036
1307881640
937501571
864465135
1063600964
27172325047
28598405512
32669620791
28885896375
20053352891
24178254106
21719072404
22301742772
32320586853
29467270131
22381890811
20746235014
21865150119
27152032009
2440983019
2141818953
1159309723
1184640676
1140723499
1251823637
1089328128
1230510734
75514376910
77621940480
82005350805
78077539994
70505473578
76133453093
72640186503
86684633885
69392570016
6513885722
4550952571
5087886708
5074272152
1257862869
1191578049
939249562
1401544906
1035622727
1493042943
1230228037
1442885675
1246529447
1208874299
1202104149
1250723322
1136108349
1296148105
1183359420
1247192712
1171308887
1509715153
1238317219
1043211729
1778211516
1570389113
1449704247
1494934740
1630190846
796464668
850093584
783023126
908729542
856037123
797296650
862096509
833142534
871979862
816767257
1831320897
1604109969
934381218
1585569855
5093577523
4058141613
1573966402
4599247961
4143024305
4529979580
5382799147
4951528316
1447878514
1497105410
1451353295
1510717731
1459081105
1405943750
1437537401
1393789254
1550081679
1425268054
1407882716
1142859347
1298929999
1932563542
1483288006
1652800676
1448977958
1684701627
3563655477
4618228215389
2273444066
2007270586
1469775304
60093889213
769721286
1882660195
798953646
2474506095
2699379701
1301986035
1386615777
767100837
868058360
946206951
1427776657
1387058421
1412096154
1397858560
1374872043
1370192171
1488232008
1409140594
1440151691
1417519571
1432787409
1423125076
1478116520
1851414144
1511916130
1406524179
1533879393
1446769707
1440888094
1276846986
1457838949
1499748425
1410282642
1462603367
1519068936
1421402249
3851669791
1737460488
1675807819
1755970390
1555255568
1565542717
2647774191
1017792483
995165492
957133628
1079518698
1491240005
158663545831
158032671266
3051185453
2015500925
1224598463
11929753009
59317878632
11202753381
10984524798
12598973223
11022896623
790449696
816555887
947083455
834846735
973358726
4047392468
4113802201
4090867437
3271939278
3038275909
3058009493
3553744898
3057655855
3258469184
3250427491
3115029921
3101055364
3117265610
3153048287
3057692900
3286279657
3072066832
3094356099
3249645565
3476371587
3336742214
3016807970
3446228745
1028895449
1043806581
1064266654
4045456482
3213546822
3118877029
3436312966
1038263648
1002973015
1017249992
1052080756
1075923823
1096524279
1017894402
1117839244
1539309655
1284374523
1208788478
1172749774
1281064590
1073667644
1161847074
1245529981
3412517370
880935083
894407859
723298341
510012279
465240201
500441712
513104848
481992108
571464508
608220256
752130059
916816723
930167500
961151598
938421886
1178276641
820818000
1017754211
1108150414
1116311299
829068135
7227429649
6891497887
6976414891
7123106650
6858742710
7146057208
1013571423
1065504016
998260364
964990452
958674846
1014276465
951921178
1279581241
978597954
812452840
952154459
902484485
6418173654
785160757
954531479
1138641115
927075042
919632660
981150087
948153352
1016173775
1103739543
918033515
915739302
1001738735
922993189
1013545709
910904073
911791346
946121831
7765972307
964131364
969823868
1158654939
1220861584
1170697904
1158073968
839756450
801795374
821199726
795116895
834545744
808302442
829275447
872841065
779594401
822446646
811858851
796187826
961030796
947744612
906253742
1211033286
1162283326
955651802
1184385917
1217892166
1315684034
1275832409
1300177711
1315271775
1353514512
1729586512
1667242748
20250687564
1790886777
1591976429
1482760736
1544614782
1530314126
1534953925
1592435749
1492917554
1578778884
1677346207
1709265149
1623316097
1793270495
1712985517
1748533396
23596861946
1594581517
1570533644
1603122755
1584707083
1580833622
1614694370
1736637384
9528376070
1622543018
1250452359
1349761412
1336891358
1360525130
1280908124
1299209432
16496544388
22024353942
1076527061
1030044451
1089204124
913978873
885402429
1340291103
1338311220
1460229587
1207115866
993823247
1058044453
1394547719
1711590166
5354893874
7887632761
13531840207
709276434
1020612180
1133568521
1411246715
969130764
1239629288
1075128149
1082152747
1406464142
1252757435
1124670753
1010020006
1225878459
1015684372
1195956949
1149090346
654759991
1673154967
26963259004
1305929973
867139875
1781297750
1408791436985
757120518
788099950
1294417064
819228441
649741179
745662145
729735991
891238262
1043023109
532406375
541257271
50093964981
62568323338
877373189
1292096311
791590021
985660104
7288573109
1306426606
1833740519
1669040098
1697442668
1643955454
1601922099
21962696002
20292088251
1544144623
37698691840
8547832324
6036742817
5219773984
7114689550
5821145859
576334994
581097722
523796594
509100399
1256993188
410211651
4431060043
2977060850086
8550631754
8142580948
7808184267
8970455244
4972183844
6926048971
159198623750
3775644437
1071008407
666577130
817791180
768830472
841993850
743162214
690498344
730663936389
2609497642
910778828680
1109666918
147819548869
140818623572
129316909825
139632378270
128097372239
127843222249
129758229029
128762446408
128164735063
133289069221
2894215941449
133744534220
129912571660
131021684773
138125268522
137497487371
162929254
171675369
179973786
113021283598
122511152224
126018488541
111050501176
109873432716
109777528473
119736402727
114308850253
117621222887
111641742279
121287281126
458821257173
123599319907
133632139856
118737018787
148283240251
125549728827
114267610834
115220221542
114117243725
116147086798
117424388482
115172231578
129348710207
139276565764
154345707553
149969608078
135148456445
134837331211
144958138021
194730738004
216886556324
325737580175
172320507618
153648145665
281575391531
193618902035
163639649670
243157471775
203919908465
156097225668
282875352401
981908863
724248333
901644745
616422500
173105088870
172447694685
171667859599
169682232099
197622060141
169692729168
169035965010
176205739298
168861193853
174577874787
179586487047
180127594787
59874925476
86322632513
198315464597
199343129253
200990406295
600084575225
600065302577
1966415783
600068509163
119324776
120413940
177772592451
600085055101
268877347137
270330955850
275028533207
178986042829
185907070718
176977569596
176901603795
176662346737
176113310407
181306000546
184580140619
175805679325
180200822042
600094510454
600137474779
81123426551
108550878073
600185062532
1591911957
1603826219
1545507850
1715565931
1699146235
