710994386
992262557
979091627
928436891
976526329
1044721234
1039976534
1045215568
1252131832
1218201725
1200276655
304601573
303914691
381203763
486204919
510431146
566198425
617542615
838759384
800035605
833556194
832634270
821231748
742791096
860202032
1314915157
1528527784
1555517407
1539390544
1568923283
1518725770
1529940655
1596555791
1592429421
1582322800
1614835019
1579052513
1580146524
1926360890
1958162805
1988938117
1943978706
1948222822
2039700437
1987419338
2723358301
2598065788
2455073389
2386677863
2192202132
2379280231
2377650417
2365984005
2350959882
2381017234
2362692932
2038943645
2015392573
1975828560
2009023809
2022051667
1990262801
1955416209
1930804689
1997919552
1944301705
1966884443
1924330288
1971434267
2164587519
2026520554
1948250688
1934995473
623384694
559808710
551229319
547442655
540205923
622848865
600347185
619035243
574189053
558411087
595544548
570932999
575223045
594397655
570097747
557198456
628680107
636965949
